480 EXAMEN

1111111111 11111111 1111111111ι 111111 11111 1111111, 1111111111
11111111,11111111111.111111 1111111 1111111111111111
’θ1111111111111111111111111111.11111111111111
11111111111111111111111111111111111111111,
11111111 111111111111111 cornu 1111111111 11111 1111111111
1111111111111111111111111 1111111111 11111111,11111111111
111111111111111111111 11111Ὓ1111111111 11111111 egra
cornua 11111111 111 11111111 111 11 1111111 11111111 1111 ,11111111
1111111111 111 111111111111 11111 1111111111 si 1111111111
1111111 1111111111 11111111111111111111111111111111·

1111111111111111 111. 111 1111111111111111
4111Σ1111111111111.11111111111111111111111111111111
1111111111 1111111111 1111111 Hercules 1111111 aliquem

1111111 1111111 1111 1.11111111 Α (1111111111111111 ,corne
11111611111111111111,11’11111.·11111111111111

W

11111111111111111 11111 [1111111111111111111
1111611111111111111111111111111111111

11111111 1111111111 11111 1.11 111111111111111111111
111111111111111116111 1111111111111111111111. ssu
011111111211111111111111111111111 1111. 1111111111111
⁴⁸⁸* 111111111111111111111111111111111111111111111111111
1111111 1111111111 po 111 [1111111111 81111111 111 1111111111
1111111111τὲ 111111111111111111 1111111 1111 611111
1111111111111 11111111 1111111111 111111111111111,
1111111111111111111111111111111111111 1111

‘rem 11111111111111111 1111111111 1111111111,

γ 1 1111111111 1111111111111111111111111111111111.
1111. Ad 1111111111 1111111111 111111 1111111 uos agnoscam

ιι 1111111111 equ 1111111111111111 congeneret 11111111

1111

 

