4444444444, 474

44444444 4 44444444 64444 4444444444 444 4,ο4444 64444444
444444 4444444444 sm 4444444444 4 quitur. 444 Effugiant.
144444 4444444444 444444 44444444444444444444444444 444
4444444444444444444444 44444444444444 ,44444444444444444
brieri 444444· 4444444444444444444444 ca utuntur.
4444444444· 44444444 4444 4444444444444 4444441444
4444444 44444 4444 444 44444444 444444 444 Qsto-rjgigs'maspess c ‘'v-¹
444 44 campestribus 444444 444 fea* 44 44344444444444444
4444 4444444444 444444444444 4444444444 444444444434444444444 U
4444444444 44444444 ,444434 tatamen& 444434444444444444444
4444444444 4444444 ,444444444444444444444444444444444
4444444444 4444444444 444444444444444 44444 444 444444μῶ44
344444 444444 4 4444444 4 4444444 4 aficryngiam‚ 4444,
4444444344 444444 44444 4444444444 1444444444 44 44444 tantum
44444444 4444444444, 444, 434 4444444444 xx 44 cap ,444 &2
4444, 4444444444 4444444444 4444444444444444 4444,4444444444
4444444444 ’44444444 ,44444444444444444444444444,44’4 444 444
Dto 44444444 4444444444 &Juoemwgioappricasst1³52 4
4444444444444444444 4444444444 44444444 Phaizwquae ‚
44444444 44444444 444444444444444 4444444444 444444 4444444444
444 44 auo 4444 nos 44444444 eam 4444 444444 444444 44 44444 ca

, 444 44 44444444 4, 4444444444 4444444444 niz
gro Dio 444444444ἱῦ44, 444 4444444 44 ne 44 44444444
Arabes? 4444 4444444 4444444444 4444444444, 44444844 94444444
’4444444444 4444444 cle-[effic 44444444 4,·4444444444444 44
444 4444443444444444444444 4444444444444 polygona-
tum,idest, 4444444444444444444444444444 4444, 44 44444,
44444, 434444444ρὲ4 axem 4444444Ή 4ο 44 4444444444 ‘
44444) quo 4444444 4444 444 4444444444 4444444 4444444444

44444

 

