5555555. 11 1

1111111111111111111111Ὲ1111111111 1111111111 1·- 1
1111111111.11.11111111111111111111111111111’111111
111111111111111111111111111111111111.1
11111111111111111 111111111111111111111111
111111111111111111 1111111111111111111111111μ11111
11111111111131101111 1111111 [1111111111. 61111111 1111111111
1111111 11111111 5555. (11111111 [3111 11111111 1111 11111 1111111
(1111111111111111111111111111111111111111111ρά
11111111111111111111Η11111111 111111 [1,1111111111111
111,1111[111111111111111 1111111111 1111111111119111Ι
[11111111110111311111111111111111111111 55
55555555555'55555555 11111111111111111,111111111111111[”15””
, 1111111111111111111111111111,11111111111811111 55
111111111111111111 11111111 1111111111γέ
55. 0111111111111111111.1111111111 11111. Μ
01111111 111111111111111111111111111111111111111
1111111511]111111111111111111111111111111111
11111 1111111111 5555. 5555555555555555. 55. 5⁷55: ,ιβ-Μ
5:55 11, 111 11111 5555 11 ,555555'5. 555 (111111111111, 3- ⁷ ν
111111111111111111118111111111111111111111 ” i
111111111111111111111111 1111111 1111111111111,
1111111111111111111113111111111111, 5 5 0111131111
1111111,-111 1111111111111 1111111111 11111111. 555055555555=5W
111111111111111111101[11111111111111110111μΜ
1111113111111111111111111111111111111 {w
1111111111111111111111111111111111111111111
111111111111111111111111.111[11111111111111111“
[11111111 555555
1111111111111111111111111111111111111111111, ·
5555

 

